1.14509074436069 - 3.30051029128857i,-0.485844262518153 + 1.22025786746523i,-0.266051635708383 + 0.912191867946313i,-1.14509074436069 + 3.30051049121357i,0.485844262518153 - 1.22025791030630i,0.266051635708383 - 0.912191910787384i,0.00000000000000 + 0.00000000000000i,0.00000000000000 + 0.00000000000000i,0.00000000000000 + 0.00000000000000i,0.00000000000000 + 0.00000000000000i,0.00000000000000 + 0.00000000000000i,0.00000000000000 + 0.00000000000000i,0.00000000000000 + 0.00000000000000i,0.00000000000000 + 0.00000000000000i,0.00000000000000 + 0.00000000000000i,0.00000000000000 + 0.00000000000000i,0.00000000000000 + 0.00000000000000i,0.00000000000000 + 0.00000000000000i,0.00000000000000 + 0.00000000000000i,0.00000000000000 + 0.00000000000000i,0.00000000000000 + 0.00000000000000i,0.00000000000000 + 0.00000000000000i,0.00000000000000 + 0.00000000000000i,0.00000000000000 + 0.00000000000000i,0.00000000000000 + 0.00000000000000i,0.00000000000000 + 0.00000000000000i,0.00000000000000 + 0.00000000000000i,0.00000000000000 + 0.00000000000000i,0.00000000000000 + 0.00000000000000i,0.00000000000000 + 0.00000000000000i,0.00000000000000 + 0.00000000000000i,0.00000000000000 + 0.00000000000000i,0.00000000000000 + 0.00000000000000i,0.00000000000000 + 0.00000000000000i,0.00000000000000 + 0.00000000000000i-0.485844262518153 + 1.22025786746523i,1.00268376653631 - 3.12755946447573i,-0.126301377936758 + 0.696681188585232i,0.485844262518153 - 1.22025791030630i,-1.00268376653631 + 3.12755966440073i,0.126301377936758 - 0.696681231426303i,0.00000000000000 + 0.00000000000000i,0.00000000000000 + 0.00000000000000i,0.00000000000000 + 0.00000000000000i,0.00000000000000 + 0.00000000000000i,0.00000000000000 + 0.00000000000000i,0.00000000000000 + 0.00000000000000i,0.00000000000000 + 0.00000000000000i,0.00000000000000 + 0.00000000000000i,0.00000000000000 + 0.00000000000000i,0.00000000000000 + 0.00000000000000i,0.00000000000000 + 0.00000000000000i,0.00000000000000 + 0.00000000000000i,0.00000000000000 + 0.00000000000000i,0.00000000000000 + 0.00000000000000i,0.00000000000000 + 0.00000000000000i,0.00000000000000 + 0.00000000000000i,0.00000000000000 + 0.00000000000000i,0.00000000000000 + 0.00000000000000i,0.00000000000000 + 0.00000000000000i,0.00000000000000 + 0.00000000000000i,0.00000000000000 + 0.00000000000000i,0.00000000000000 + 0.00000000000000i,0.00000000000000 + 0.00000000000000i,0.00000000000000 + 0.00000000000000i,0.00000000000000 + 0.00000000000000i,0.00000000000000 + 0.00000000000000i,0.00000000000000 + 0.00000000000000i,0.00000000000000 + 0.00000000000000i,0.00000000000000 + 0.00000000000000i-0.266051635708383 + 0.912191867946313i,-0.126301377936758 + 0.696681188585232i,0.886694192671301 - 2.95051288809690i,0.266051635708383 - 0.912191910787384i,0.126301377936758 - 0.696681231426303i,-0.886694192671301 + 2.95051308802190i,0.00000000000000 + 0.00000000000000i,0.00000000000000 + 0.00000000000000i,0.00000000000000 + 0.00000000000000i,0.00000000000000 + 0.00000000000000i,0.00000000000000 + 0.00000000000000i,0.00000000000000 + 0.00000000000000i,0.00000000000000 + 0.00000000000000i,0.00000000000000 + 0.00000000000000i,0.00000000000000 + 0.00000000000000i,0.00000000000000 + 0.00000000000000i,0.00000000000000 + 0.00000000000000i,0.00000000000000 + 0.00000000000000i,0.00000000000000 + 0.00000000000000i,0.00000000000000 + 0.00000000000000i,0.00000000000000 + 0.00000000000000i,0.00000000000000 + 0.00000000000000i,0.00000000000000 + 0.00000000000000i,0.00000000000000 + 0.00000000000000i,0.00000000000000 + 0.00000000000000i,0.00000000000000 + 0.00000000000000i,0.00000000000000 + 0.00000000000000i,0.00000000000000 + 0.00000000000000i,0.00000000000000 + 0.00000000000000i,0.00000000000000 + 0.00000000000000i,0.00000000000000 + 0.00000000000000i,0.00000000000000 + 0.00000000000000i,0.00000000000000 + 0.00000000000000i,0.00000000000000 + 0.00000000000000i,0.00000000000000 + 0.00000000000000i-1.14509074436069 + 3.30051049121357i,0.485844262518153 - 1.22025791030630i,0.266051635708383 - 0.912191910787384i,10.1431165866561 - 20.3307170076639i,-3.43776336492930 + 6.38507005018852i,-3.20322914593954 + 5.33747086795091i,-3.43355545535438 + 9.89658318204969i,1.45680438536178 - 3.65894425878950i,0.797756029110592 - 2.73520812829800i,0.00000000000000 + 0.00000000000000i,0.00000000000000 + 0.00000000000000i,0.00000000000000 + 0.00000000000000i,0.00000000000000 + 0.00000000000000i,0.00000000000000 + 0.00000000000000i,0.00000000000000 + 0.00000000000000i,-5.56447038694108 + 7.13362365098187i,1.49511471704937 - 1.50586794893156i,2.13942148112056 - 1.69007089670436i,0.00000000000000 + 0.00000000000000i,0.00000000000000 + 0.00000000000000i,0.00000000000000 + 0.00000000000000i,0.00000000000000 + 0.00000000000000i,0.00000000000000 + 0.00000000000000i,0.00000000000000 + 0.00000000000000i,0.00000000000000 + 0.00000000000000i,0.00000000000000 + 0.00000000000000i,0.00000000000000 + 0.00000000000000i,0.00000000000000 + 0.00000000000000i,0.00000000000000 + 0.00000000000000i,0.00000000000000 + 0.00000000000000i,0.00000000000000 + 0.00000000000000i,0.00000000000000 + 0.00000000000000i,0.00000000000000 + 0.00000000000000i,0.00000000000000 + 0.00000000000000i,0.00000000000000 + 0.00000000000000i0.485844262518153 - 1.22025791030630i,-1.00268376653631 + 3.12755966440073i,0.126301377936758 - 0.696681231426303i,-3.43776336492930 + 6.38507005018852i,13.2524832910383 - 23.5556357425734i,-3.03761102838704 + 4.76762848545150i,1.45680438536178 - 3.65894425878950i,-3.00654802559612 + 9.37798999820309i,0.378714776422065 - 2.08899919468157i,0.00000000000000 + 0.00000000000000i,0.00000000000000 + 0.00000000000000i,0.00000000000000 + 0.00000000000000i,0.00000000000000 + 0.00000000000000i,0.00000000000000 + 0.00000000000000i,0.00000000000000 + 0.00000000000000i,1.49511471704937 - 1.50586794893156i,-4.90840717804436 + 7.06322938615755i,1.08799425896229 - 1.38235891327512i,1.44460061506593 - 0.599589224617610i,-4.33484432086156 + 3.98685706037448i,0.00000000000000 + 0.00000000000000i,0.00000000000000 + 0.00000000000000i,0.00000000000000 + 0.00000000000000i,0.00000000000000 + 0.00000000000000i,0.00000000000000 + 0.00000000000000i,0.00000000000000 + 0.00000000000000i,0.00000000000000 + 0.00000000000000i,0.00000000000000 + 0.00000000000000i,0.00000000000000 + 0.00000000000000i,0.00000000000000 + 0.00000000000000i,0.00000000000000 + 0.00000000000000i,0.00000000000000 + 0.00000000000000i,0.00000000000000 + 0.00000000000000i,0.00000000000000 + 0.00000000000000i,0.00000000000000 + 0.00000000000000i0.266051635708383 - 0.912191910787384i,0.126301377936758 - 0.696681231426303i,-0.886694192671301 + 2.95051308802190i,-3.20322914593954 + 5.33747086795091i,-3.03761102838704 + 4.76762848545150i,13.0394325195785 - 22.8881919591904i,0.797756029110592 - 2.73520812829800i,0.378714776422065 - 2.08899919468157i,-2.65875320141320 + 8.84711570621260i,0.00000000000000 + 0.00000000000000i,0.00000000000000 + 0.00000000000000i,0.00000000000000 + 0.00000000000000i,0.00000000000000 + 0.00000000000000i,0.00000000000000 + 0.00000000000000i,0.00000000000000 + 0.00000000000000i,2.13942148112056 - 1.69007089670436i,1.08799425896229 - 1.38235891327512i,-5.18906180954503 + 7.08541967380552i,-4.30492331594892 + 4.00514385771289i,1.44460061506593 - 0.599589224617610i,0.00000000000000 + 0.00000000000000i,0.00000000000000 + 0.00000000000000i,0.00000000000000 + 0.00000000000000i,0.00000000000000 + 0.00000000000000i,0.00000000000000 + 0.00000000000000i,0.00000000000000 + 0.00000000000000i,0.00000000000000 + 0.00000000000000i,0.00000000000000 + 0.00000000000000i,0.00000000000000 + 0.00000000000000i,0.00000000000000 + 0.00000000000000i,0.00000000000000 + 0.00000000000000i,0.00000000000000 + 0.00000000000000i,0.00000000000000 + 0.00000000000000i,0.00000000000000 + 0.00000000000000i,0.00000000000000 + 0.00000000000000i0.00000000000000 + 0.00000000000000i,0.00000000000000 + 0.00000000000000i,0.00000000000000 + 0.00000000000000i,-3.43355545535438 + 9.89658318204969i,1.45680438536178 - 3.65894425878950i,0.797756029110592 - 2.73520812829800i,5.15162108830364 - 14.8485867198795i,-2.18575301629674 + 5.48978879255202i,-1.19693327698513 + 4.10383810914393i,-1.71806563294927 + 4.95200373775479i,0.728948630934964 - 1.83084457660360i,0.399177247874543 - 1.36863002368700i,0.00000000000000 + 0.00000000000000i,0.00000000000000 + 0.00000000000000i,0.00000000000000 + 0.00000000000000i,0.00000000000000 + 0.00000000000000i,0.00000000000000 + 0.00000000000000i,0.00000000000000 + 0.00000000000000i,0.00000000000000 + 0.00000000000000i,0.00000000000000 + 0.00000000000000i,0.00000000000000 + 0.00000000000000i,0.00000000000000 + 0.00000000000000i,0.00000000000000 + 0.00000000000000i,0.00000000000000 + 0.00000000000000i,0.00000000000000 + 0.00000000000000i,0.00000000000000 + 0.00000000000000i,0.00000000000000 + 0.00000000000000i,0.00000000000000 + 0.00000000000000i,0.00000000000000 + 0.00000000000000i,0.00000000000000 + 0.00000000000000i,0.00000000000000 + 0.00000000000000i,0.00000000000000 + 0.00000000000000i,0.00000000000000 + 0.00000000000000i,0.00000000000000 + 0.00000000000000i,0.00000000000000 + 0.00000000000000i0.00000000000000 + 0.00000000000000i,0.00000000000000 + 0.00000000000000i,0.00000000000000 + 0.00000000000000i,1.45680438536178 - 3.65894425878950i,-3.00654802559612 + 9.37798999820309i,0.378714776422065 - 2.08899919468157i,-2.18575301629674 + 5.48978879255202i,4.51094977583814 - 14.0705024230354i,-0.568214218187644 + 3.13428231977194i,0.728948630934964 - 1.83084457660360i,-1.50440175024202 + 4.69251262475728i,0.189499441765579 - 1.04528316793144i,0.00000000000000 + 0.00000000000000i,0.00000000000000 + 0.00000000000000i,0.00000000000000 + 0.00000000000000i,0.00000000000000 + 0.00000000000000i,0.00000000000000 + 0.00000000000000i,0.00000000000000 + 0.00000000000000i,0.00000000000000 + 0.00000000000000i,0.00000000000000 + 0.00000000000000i,0.00000000000000 + 0.00000000000000i,0.00000000000000 + 0.00000000000000i,0.00000000000000 + 0.00000000000000i,0.00000000000000 + 0.00000000000000i,0.00000000000000 + 0.00000000000000i,0.00000000000000 + 0.00000000000000i,0.00000000000000 + 0.00000000000000i,0.00000000000000 + 0.00000000000000i,0.00000000000000 + 0.00000000000000i,0.00000000000000 + 0.00000000000000i,0.00000000000000 + 0.00000000000000i,0.00000000000000 + 0.00000000000000i,0.00000000000000 + 0.00000000000000i,0.00000000000000 + 0.00000000000000i,0.00000000000000 + 0.00000000000000i0.00000000000000 + 0.00000000000000i,0.00000000000000 + 0.00000000000000i,0.00000000000000 + 0.00000000000000i,0.797756029110592 - 2.73520812829800i,0.378714776422065 - 2.08899919468157i,-2.65875320141320 + 8.84711570621260i,-1.19693327698513 + 4.10383810914393i,-0.568214218187644 + 3.13428231977194i,3.98912708389077 - 13.2739918574082i,0.399177247874543 - 1.36863002368700i,0.189499441765579 - 1.04528316793144i,-1.33037388247757 + 4.42687635112063i,0.00000000000000 + 0.00000000000000i,0.00000000000000 + 0.00000000000000i,0.00000000000000 + 0.00000000000000i,0.00000000000000 + 0.00000000000000i,0.00000000000000 + 0.00000000000000i,0.00000000000000 + 0.00000000000000i,0.00000000000000 + 0.00000000000000i,0.00000000000000 + 0.00000000000000i,0.00000000000000 + 0.00000000000000i,0.00000000000000 + 0.00000000000000i,0.00000000000000 + 0.00000000000000i,0.00000000000000 + 0.00000000000000i,0.00000000000000 + 0.00000000000000i,0.00000000000000 + 0.00000000000000i,0.00000000000000 + 0.00000000000000i,0.00000000000000 + 0.00000000000000i,0.00000000000000 + 0.00000000000000i,0.00000000000000 + 0.00000000000000i,0.00000000000000 + 0.00000000000000i,0.00000000000000 + 0.00000000000000i,0.00000000000000 + 0.00000000000000i,0.00000000000000 + 0.00000000000000i,0.00000000000000 + 0.00000000000000i0.00000000000000 + 0.00000000000000i,0.00000000000000 + 0.00000000000000i,0.00000000000000 + 0.00000000000000i,0.00000000000000 + 0.00000000000000i,0.00000000000000 + 0.00000000000000i,0.00000000000000 + 0.00000000000000i,-1.71806563294927 + 4.95200373775479i,0.728948630934964 - 1.83084457660360i,0.399177247874543 - 1.36863002368700i,111.183119314919 - 18.2282642198355i,-1.70063715597127 + 4.27136034724208i,-3.33894821106786 + 4.19232916322418i,-2.29018148872137 + 6.60102098242714i,0.971688525036306 - 2.44051582061259i,0.532103271416765 - 1.82438382157477i,0.00000000000000 + 0.00000000000000i,0.00000000000000 + 0.00000000000000i,0.00000000000000 + 0.00000000000000i,0.00000000000000 + 0.00000000000000i,0.00000000000000 + 0.00000000000000i,0.00000000000000 + 0.00000000000000i,0.00000000000000 + 0.00000000000000i,-100.000000000000 + 0.00000000000000i,0.00000000000000 + 0.00000000000000i,0.00000000000000 + 0.00000000000000i,0.00000000000000 + 0.00000000000000i,0.00000000000000 + 0.00000000000000i,0.00000000000000 + 0.00000000000000i,-7.17487219324821 + 6.67523976285482i,2.40766769177656 - 0.999315374362684i,0.00000000000000 + 0.00000000000000i,0.00000000000000 + 0.00000000000000i,0.00000000000000 + 0.00000000000000i,0.00000000000000 + 0.00000000000000i,0.00000000000000 + 0.00000000000000i0.00000000000000 + 0.00000000000000i,0.00000000000000 + 0.00000000000000i,0.00000000000000 + 0.00000000000000i,0.00000000000000 + 0.00000000000000i,0.00000000000000 + 0.00000000000000i,0.00000000000000 + 0.00000000000000i,0.728948630934964 - 1.83084457660360i,-1.50440175024202 + 4.69251262475728i,0.189499441765579 - 1.04528316793144i,-1.70063715597127 + 4.27136034724208i,103.509769283315 - 10.9476317203462i,-0.442102197639096 + 2.43864558080994i,0.971688525036306 - 2.44051582061259i,-2.00536753307261 + 6.25511932880146i,0.252602755873517 - 1.39336246285261i,0.00000000000000 + 0.00000000000000i,0.00000000000000 + 0.00000000000000i,0.00000000000000 + 0.00000000000000i,0.00000000000000 + 0.00000000000000i,0.00000000000000 + 0.00000000000000i,0.00000000000000 + 0.00000000000000i,0.00000000000000 + 0.00000000000000i,0.00000000000000 + 0.00000000000000i,-100.000000000000 + 0.00000000000000i,0.00000000000000 + 0.00000000000000i,0.00000000000000 + 0.00000000000000i,0.00000000000000 + 0.00000000000000i,0.00000000000000 + 0.00000000000000i,0.00000000000000 + 0.00000000000000i,0.00000000000000 + 0.00000000000000i,0.00000000000000 + 0.00000000000000i,0.00000000000000 + 0.00000000000000i,0.00000000000000 + 0.00000000000000i,0.00000000000000 + 0.00000000000000i,0.00000000000000 + 0.00000000000000i0.00000000000000 + 0.00000000000000i,0.00000000000000 + 0.00000000000000i,0.00000000000000 + 0.00000000000000i,0.00000000000000 + 0.00000000000000i,0.00000000000000 + 0.00000000000000i,0.00000000000000 + 0.00000000000000i,0.399177247874543 - 1.36863002368700i,0.189499441765579 - 1.04528316793144i,-1.33037388247757 + 4.42687635112063i,-3.33894821106786 + 4.19232916322418i,-0.442102197639096 + 2.43864558080994i,110.328502802589 - 16.9726640312540i,0.532103271416765 - 1.82438382157477i,0.252602755873517 - 1.39336246285261i,-1.77338838534260 + 5.90102617604380i,0.00000000000000 + 0.00000000000000i,0.00000000000000 + 0.00000000000000i,0.00000000000000 + 0.00000000000000i,0.00000000000000 + 0.00000000000000i,0.00000000000000 + 0.00000000000000i,0.00000000000000 + 0.00000000000000i,0.00000000000000 + 0.00000000000000i,0.00000000000000 + 0.00000000000000i,0.00000000000000 + 0.00000000000000i,-100.000000000000 + 0.00000000000000i,0.00000000000000 + 0.00000000000000i,0.00000000000000 + 0.00000000000000i,0.00000000000000 + 0.00000000000000i,2.40766769177656 - 0.999315374362684i,-7.22474053476926 + 6.64476176729079i,0.00000000000000 + 0.00000000000000i,0.00000000000000 + 0.00000000000000i,0.00000000000000 + 0.00000000000000i,0.00000000000000 + 0.00000000000000i,0.00000000000000 + 0.00000000000000i0.00000000000000 + 0.00000000000000i,0.00000000000000 + 0.00000000000000i,0.00000000000000 + 0.00000000000000i,0.00000000000000 + 0.00000000000000i,0.00000000000000 + 0.00000000000000i,0.00000000000000 + 0.00000000000000i,0.00000000000000 + 0.00000000000000i,0.00000000000000 + 0.00000000000000i,0.00000000000000 + 0.00000000000000i,-2.29018148872137 + 6.60102098242714i,0.971688525036306 - 2.44051582061259i,0.532103271416765 - 1.82438382157477i,2.29018148872137 - 6.60102088246464i,-0.971688525036306 + 2.44051579919206i,-0.532103271416765 + 1.82438380015423i,0.00000000000000 + 0.00000000000000i,0.00000000000000 + 0.00000000000000i,0.00000000000000 + 0.00000000000000i,0.00000000000000 + 0.00000000000000i,0.00000000000000 + 0.00000000000000i,0.00000000000000 + 0.00000000000000i,0.00000000000000 + 0.00000000000000i,0.00000000000000 + 0.00000000000000i,0.00000000000000 + 0.00000000000000i,0.00000000000000 + 0.00000000000000i,0.00000000000000 + 0.00000000000000i,0.00000000000000 + 0.00000000000000i,0.00000000000000 + 0.00000000000000i,0.00000000000000 + 0.00000000000000i,0.00000000000000 + 0.00000000000000i,0.00000000000000 + 0.00000000000000i,0.00000000000000 + 0.00000000000000i,0.00000000000000 + 0.00000000000000i,0.00000000000000 + 0.00000000000000i,0.00000000000000 + 0.00000000000000i0.00000000000000 + 0.00000000000000i,0.00000000000000 + 0.00000000000000i,0.00000000000000 + 0.00000000000000i,0.00000000000000 + 0.00000000000000i,0.00000000000000 + 0.00000000000000i,0.00000000000000 + 0.00000000000000i,0.00000000000000 + 0.00000000000000i,0.00000000000000 + 0.00000000000000i,0.00000000000000 + 0.00000000000000i,0.971688525036306 - 2.44051582061259i,-2.00536753307261 + 6.25511932880146i,0.252602755873517 - 1.39336246285261i,-0.971688525036306 + 2.44051579919206i,2.00536753307261 - 6.25511922883896i,-0.252602755873517 + 1.39336244143207i,0.00000000000000 + 0.00000000000000i,0.00000000000000 + 0.00000000000000i,0.00000000000000 + 0.00000000000000i,0.00000000000000 + 0.00000000000000i,0.00000000000000 + 0.00000000000000i,0.00000000000000 + 0.00000000000000i,0.00000000000000 + 0.00000000000000i,0.00000000000000 + 0.00000000000000i,0.00000000000000 + 0.00000000000000i,0.00000000000000 + 0.00000000000000i,0.00000000000000 + 0.00000000000000i,0.00000000000000 + 0.00000000000000i,0.00000000000000 + 0.00000000000000i,0.00000000000000 + 0.00000000000000i,0.00000000000000 + 0.00000000000000i,0.00000000000000 + 0.00000000000000i,0.00000000000000 + 0.00000000000000i,0.00000000000000 + 0.00000000000000i,0.00000000000000 + 0.00000000000000i,0.00000000000000 + 0.00000000000000i0.00000000000000 + 0.00000000000000i,0.00000000000000 + 0.00000000000000i,0.00000000000000 + 0.00000000000000i,0.00000000000000 + 0.00000000000000i,0.00000000000000 + 0.00000000000000i,0.00000000000000 + 0.00000000000000i,0.00000000000000 + 0.00000000000000i,0.00000000000000 + 0.00000000000000i,0.00000000000000 + 0.00000000000000i,0.532103271416765 - 1.82438382157477i,0.252602755873517 - 1.39336246285261i,-1.77338838534260 + 5.90102617604380i,-0.532103271416765 + 1.82438380015423i,-0.252602755873517 + 1.39336244143207i,1.77338838534260 - 5.90102607608131i,0.00000000000000 + 0.00000000000000i,0.00000000000000 + 0.00000000000000i,0.00000000000000 + 0.00000000000000i,0.00000000000000 + 0.00000000000000i,0.00000000000000 + 0.00000000000000i,0.00000000000000 + 0.00000000000000i,0.00000000000000 + 0.00000000000000i,0.00000000000000 + 0.00000000000000i,0.00000000000000 + 0.00000000000000i,0.00000000000000 + 0.00000000000000i,0.00000000000000 + 0.00000000000000i,0.00000000000000 + 0.00000000000000i,0.00000000000000 + 0.00000000000000i,0.00000000000000 + 0.00000000000000i,0.00000000000000 + 0.00000000000000i,0.00000000000000 + 0.00000000000000i,0.00000000000000 + 0.00000000000000i,0.00000000000000 + 0.00000000000000i,0.00000000000000 + 0.00000000000000i,0.00000000000000 + 0.00000000000000i0.00000000000000 + 0.00000000000000i,0.00000000000000 + 0.00000000000000i,0.00000000000000 + 0.00000000000000i,-5.56447038694108 + 7.13362365098187i,1.49511471704937 - 1.50586794893156i,2.13942148112056 - 1.69007089670436i,0.00000000000000 + 0.00000000000000i,0.00000000000000 + 0.00000000000000i,0.00000000000000 + 0.00000000000000i,0.00000000000000 + 0.00000000000000i,0.00000000000000 + 0.00000000000000i,0.00000000000000 + 0.00000000000000i,0.00000000000000 + 0.00000000000000i,0.00000000000000 + 0.00000000000000i,0.00000000000000 + 0.00000000000000i,6.17448228372582 - 8.24273615505544i,-1.49511471704937 + 1.50586793822129i,-2.13942148112056 + 1.69007088599410i,0.00000000000000 + 0.00000000000000i,0.00000000000000 + 0.00000000000000i,0.00000000000000 + 0.00000000000000i,0.00000000000000 + 0.00000000000000i,0.00000000000000 + 0.00000000000000i,0.00000000000000 + 0.00000000000000i,0.00000000000000 + 0.00000000000000i,0.00000000000000 + 0.00000000000000i,0.00000000000000 + 0.00000000000000i,0.00000000000000 + 0.00000000000000i,0.00000000000000 + 0.00000000000000i,0.00000000000000 + 0.00000000000000i,0.00000000000000 + 0.00000000000000i,0.00000000000000 + 0.00000000000000i,-5.28676977213445 + 9.61230867660810i,0.00000000000000 + 0.00000000000000i,0.00000000000000 + 0.00000000000000i0.00000000000000 + 0.00000000000000i,0.00000000000000 + 0.00000000000000i,0.00000000000000 + 0.00000000000000i,1.49511471704937 - 1.50586794893156i,-4.90840717804436 + 7.06322938615755i,1.08799425896229 - 1.38235891327512i,0.00000000000000 + 0.00000000000000i,0.00000000000000 + 0.00000000000000i,0.00000000000000 + 0.00000000000000i,0.00000000000000 + 0.00000000000000i,0.00000000000000 + 0.00000000000000i,0.00000000000000 + 0.00000000000000i,0.00000000000000 + 0.00000000000000i,0.00000000000000 + 0.00000000000000i,0.00000000000000 + 0.00000000000000i,-1.49511471704937 + 1.50586793822129i,5.51841907482910 - 8.17234189023112i,-1.08799425896229 + 1.38235890256485i,0.00000000000000 + 0.00000000000000i,0.00000000000000 + 0.00000000000000i,0.00000000000000 + 0.00000000000000i,0.00000000000000 + 0.00000000000000i,0.00000000000000 + 0.00000000000000i,0.00000000000000 + 0.00000000000000i,0.00000000000000 + 0.00000000000000i,0.00000000000000 + 0.00000000000000i,0.00000000000000 + 0.00000000000000i,0.00000000000000 + 0.00000000000000i,0.00000000000000 + 0.00000000000000i,0.00000000000000 + 0.00000000000000i,0.00000000000000 + 0.00000000000000i,0.00000000000000 + 0.00000000000000i,0.00000000000000 + 0.00000000000000i,-5.28676977213445 + 9.61230867660810i,0.00000000000000 + 0.00000000000000i0.00000000000000 + 0.00000000000000i,0.00000000000000 + 0.00000000000000i,0.00000000000000 + 0.00000000000000i,2.13942148112056 - 1.69007089670436i,1.08799425896229 - 1.38235891327512i,-5.18906180954503 + 7.08541967380552i,0.00000000000000 + 0.00000000000000i,0.00000000000000 + 0.00000000000000i,0.00000000000000 + 0.00000000000000i,0.00000000000000 + 0.00000000000000i,0.00000000000000 + 0.00000000000000i,0.00000000000000 + 0.00000000000000i,0.00000000000000 + 0.00000000000000i,0.00000000000000 + 0.00000000000000i,0.00000000000000 + 0.00000000000000i,-2.13942148112056 + 1.69007088599410i,-1.08799425896229 + 1.38235890256485i,5.79907370632978 - 8.19453217787909i,0.00000000000000 + 0.00000000000000i,0.00000000000000 + 0.00000000000000i,0.00000000000000 + 0.00000000000000i,0.00000000000000 + 0.00000000000000i,0.00000000000000 + 0.00000000000000i,0.00000000000000 + 0.00000000000000i,0.00000000000000 + 0.00000000000000i,0.00000000000000 + 0.00000000000000i,0.00000000000000 + 0.00000000000000i,0.00000000000000 + 0.00000000000000i,0.00000000000000 + 0.00000000000000i,0.00000000000000 + 0.00000000000000i,0.00000000000000 + 0.00000000000000i,0.00000000000000 + 0.00000000000000i,0.00000000000000 + 0.00000000000000i,0.00000000000000 + 0.00000000000000i,-5.28676977213445 + 9.61230867660810i0.00000000000000 + 0.00000000000000i,0.00000000000000 + 0.00000000000000i,0.00000000000000 + 0.00000000000000i,0.00000000000000 + 0.00000000000000i,1.44460061506593 - 0.599589224617610i,-4.30492331594892 + 4.00514385771289i,0.00000000000000 + 0.00000000000000i,0.00000000000000 + 0.00000000000000i,0.00000000000000 + 0.00000000000000i,0.00000000000000 + 0.00000000000000i,0.00000000000000 + 0.00000000000000i,0.00000000000000 + 0.00000000000000i,0.00000000000000 + 0.00000000000000i,0.00000000000000 + 0.00000000000000i,0.00000000000000 + 0.00000000000000i,0.00000000000000 + 0.00000000000000i,0.00000000000000 + 0.00000000000000i,0.00000000000000 + 0.00000000000000i,11.4797955091971 - 10.6803835405977i,-3.85226830684249 + 1.59890458184387i,-7.17487219324821 + 6.67523976285482i,2.40766769177656 - 0.999315374362684i,0.00000000000000 + 0.00000000000000i,0.00000000000000 + 0.00000000000000i,0.00000000000000 + 0.00000000000000i,0.00000000000000 + 0.00000000000000i,0.00000000000000 + 0.00000000000000i,0.00000000000000 + 0.00000000000000i,0.00000000000000 + 0.00000000000000i,0.00000000000000 + 0.00000000000000i,0.00000000000000 + 0.00000000000000i,0.00000000000000 + 0.00000000000000i,0.00000000000000 + 0.00000000000000i,0.00000000000000 + 0.00000000000000i,0.00000000000000 + 0.00000000000000i0.00000000000000 + 0.00000000000000i,0.00000000000000 + 0.00000000000000i,0.00000000000000 + 0.00000000000000i,0.00000000000000 + 0.00000000000000i,-4.33484432086156 + 3.98685706037448i,1.44460061506593 - 0.599589224617610i,0.00000000000000 + 0.00000000000000i,0.00000000000000 + 0.00000000000000i,0.00000000000000 + 0.00000000000000i,0.00000000000000 + 0.00000000000000i,0.00000000000000 + 0.00000000000000i,0.00000000000000 + 0.00000000000000i,0.00000000000000 + 0.00000000000000i,0.00000000000000 + 0.00000000000000i,0.00000000000000 + 0.00000000000000i,0.00000000000000 + 0.00000000000000i,0.00000000000000 + 0.00000000000000i,0.00000000000000 + 0.00000000000000i,-3.85226830684249 + 1.59890458184387i,11.5595848556308 - 10.6316187476953i,2.40766769177656 - 0.999315374362684i,-7.22474053476926 + 6.64476176729079i,0.00000000000000 + 0.00000000000000i,0.00000000000000 + 0.00000000000000i,0.00000000000000 + 0.00000000000000i,0.00000000000000 + 0.00000000000000i,0.00000000000000 + 0.00000000000000i,0.00000000000000 + 0.00000000000000i,0.00000000000000 + 0.00000000000000i,0.00000000000000 + 0.00000000000000i,0.00000000000000 + 0.00000000000000i,0.00000000000000 + 0.00000000000000i,0.00000000000000 + 0.00000000000000i,0.00000000000000 + 0.00000000000000i,0.00000000000000 + 0.00000000000000i0.00000000000000 + 0.00000000000000i,0.00000000000000 + 0.00000000000000i,0.00000000000000 + 0.00000000000000i,0.00000000000000 + 0.00000000000000i,0.00000000000000 + 0.00000000000000i,0.00000000000000 + 0.00000000000000i,0.00000000000000 + 0.00000000000000i,0.00000000000000 + 0.00000000000000i,0.00000000000000 + 0.00000000000000i,0.00000000000000 + 0.00000000000000i,0.00000000000000 + 0.00000000000000i,0.00000000000000 + 0.00000000000000i,0.00000000000000 + 0.00000000000000i,0.00000000000000 + 0.00000000000000i,0.00000000000000 + 0.00000000000000i,0.00000000000000 + 0.00000000000000i,0.00000000000000 + 0.00000000000000i,0.00000000000000 + 0.00000000000000i,-7.17487219324821 + 6.67523976285482i,2.40766769177656 - 0.999315374362684i,7.17487219324821 - 6.67523973286607i,-2.40766769177656 + 0.999315367936524i,0.00000000000000 + 0.00000000000000i,0.00000000000000 + 0.00000000000000i,0.00000000000000 + 0.00000000000000i,0.00000000000000 + 0.00000000000000i,0.00000000000000 + 0.00000000000000i,0.00000000000000 + 0.00000000000000i,0.00000000000000 + 0.00000000000000i,0.00000000000000 + 0.00000000000000i,0.00000000000000 + 0.00000000000000i,0.00000000000000 + 0.00000000000000i,0.00000000000000 + 0.00000000000000i,0.00000000000000 + 0.00000000000000i,0.00000000000000 + 0.00000000000000i0.00000000000000 + 0.00000000000000i,0.00000000000000 + 0.00000000000000i,0.00000000000000 + 0.00000000000000i,0.00000000000000 + 0.00000000000000i,0.00000000000000 + 0.00000000000000i,0.00000000000000 + 0.00000000000000i,0.00000000000000 + 0.00000000000000i,0.00000000000000 + 0.00000000000000i,0.00000000000000 + 0.00000000000000i,0.00000000000000 + 0.00000000000000i,0.00000000000000 + 0.00000000000000i,0.00000000000000 + 0.00000000000000i,0.00000000000000 + 0.00000000000000i,0.00000000000000 + 0.00000000000000i,0.00000000000000 + 0.00000000000000i,0.00000000000000 + 0.00000000000000i,0.00000000000000 + 0.00000000000000i,0.00000000000000 + 0.00000000000000i,2.40766769177656 - 0.999315374362684i,-7.22474053476926 + 6.64476176729079i,-2.40766769177656 + 0.999315367936524i,7.22474053476926 - 6.64476173730204i,0.00000000000000 + 0.00000000000000i,0.00000000000000 + 0.00000000000000i,0.00000000000000 + 0.00000000000000i,0.00000000000000 + 0.00000000000000i,0.00000000000000 + 0.00000000000000i,0.00000000000000 + 0.00000000000000i,0.00000000000000 + 0.00000000000000i,0.00000000000000 + 0.00000000000000i,0.00000000000000 + 0.00000000000000i,0.00000000000000 + 0.00000000000000i,0.00000000000000 + 0.00000000000000i,0.00000000000000 + 0.00000000000000i,0.00000000000000 + 0.00000000000000i0.00000000000000 + 0.00000000000000i,0.00000000000000 + 0.00000000000000i,0.00000000000000 + 0.00000000000000i,0.00000000000000 + 0.00000000000000i,0.00000000000000 + 0.00000000000000i,0.00000000000000 + 0.00000000000000i,0.00000000000000 + 0.00000000000000i,0.00000000000000 + 0.00000000000000i,0.00000000000000 + 0.00000000000000i,-100.000000000000 + 0.00000000000000i,0.00000000000000 + 0.00000000000000i,0.00000000000000 + 0.00000000000000i,0.00000000000000 + 0.00000000000000i,0.00000000000000 + 0.00000000000000i,0.00000000000000 + 0.00000000000000i,0.00000000000000 + 0.00000000000000i,0.00000000000000 + 0.00000000000000i,0.00000000000000 + 0.00000000000000i,0.00000000000000 + 0.00000000000000i,0.00000000000000 + 0.00000000000000i,0.00000000000000 + 0.00000000000000i,0.00000000000000 + 0.00000000000000i,110.412482684253 - 7.83634673867052i,-2.42853527713706 + 3.07931109783240i,-1.08092178118049 + 2.49252596573072i,-10.4124826842530 + 7.83635359231368i,2.42853527713706 - 3.07931109783240i,1.08092178118049 - 2.49252596573072i,0.00000000000000 + 0.00000000000000i,0.00000000000000 + 0.00000000000000i,0.00000000000000 + 0.00000000000000i,0.00000000000000 + 0.00000000000000i,0.00000000000000 + 0.00000000000000i,0.00000000000000 + 0.00000000000000i,0.00000000000000 + 0.00000000000000i0.00000000000000 + 0.00000000000000i,0.00000000000000 + 0.00000000000000i,0.00000000000000 + 0.00000000000000i,0.00000000000000 + 0.00000000000000i,0.00000000000000 + 0.00000000000000i,0.00000000000000 + 0.00000000000000i,0.00000000000000 + 0.00000000000000i,0.00000000000000 + 0.00000000000000i,0.00000000000000 + 0.00000000000000i,0.00000000000000 + 0.00000000000000i,-100.000000000000 + 0.00000000000000i,0.00000000000000 + 0.00000000000000i,0.00000000000000 + 0.00000000000000i,0.00000000000000 + 0.00000000000000i,0.00000000000000 + 0.00000000000000i,0.00000000000000 + 0.00000000000000i,0.00000000000000 + 0.00000000000000i,0.00000000000000 + 0.00000000000000i,0.00000000000000 + 0.00000000000000i,0.00000000000000 + 0.00000000000000i,0.00000000000000 + 0.00000000000000i,0.00000000000000 + 0.00000000000000i,-2.42853527713706 + 3.07931109783240i,111.546429465467 - 8.19720842103701i,-2.42853527713706 + 3.07931109783240i,2.42853527713706 - 3.07931109783240i,-11.5464294654670 + 8.19721527468017i,2.42853527713706 - 3.07931109783240i,0.00000000000000 + 0.00000000000000i,0.00000000000000 + 0.00000000000000i,0.00000000000000 + 0.00000000000000i,0.00000000000000 + 0.00000000000000i,0.00000000000000 + 0.00000000000000i,0.00000000000000 + 0.00000000000000i,0.00000000000000 + 0.00000000000000i0.00000000000000 + 0.00000000000000i,0.00000000000000 + 0.00000000000000i,0.00000000000000 + 0.00000000000000i,0.00000000000000 + 0.00000000000000i,0.00000000000000 + 0.00000000000000i,0.00000000000000 + 0.00000000000000i,0.00000000000000 + 0.00000000000000i,0.00000000000000 + 0.00000000000000i,0.00000000000000 + 0.00000000000000i,0.00000000000000 + 0.00000000000000i,0.00000000000000 + 0.00000000000000i,-100.000000000000 + 0.00000000000000i,0.00000000000000 + 0.00000000000000i,0.00000000000000 + 0.00000000000000i,0.00000000000000 + 0.00000000000000i,0.00000000000000 + 0.00000000000000i,0.00000000000000 + 0.00000000000000i,0.00000000000000 + 0.00000000000000i,0.00000000000000 + 0.00000000000000i,0.00000000000000 + 0.00000000000000i,0.00000000000000 + 0.00000000000000i,0.00000000000000 + 0.00000000000000i,-1.08092178118049 + 2.49252596573072i,-2.42853527713706 + 3.07931109783240i,110.412482684253 - 7.83634673867052i,1.08092178118049 - 2.49252596573072i,2.42853527713706 - 3.07931109783240i,-10.4124826842530 + 7.83635359231367i,0.00000000000000 + 0.00000000000000i,0.00000000000000 + 0.00000000000000i,0.00000000000000 + 0.00000000000000i,0.00000000000000 + 0.00000000000000i,0.00000000000000 + 0.00000000000000i,0.00000000000000 + 0.00000000000000i,0.00000000000000 + 0.00000000000000i0.00000000000000 + 0.00000000000000i,0.00000000000000 + 0.00000000000000i,0.00000000000000 + 0.00000000000000i,0.00000000000000 + 0.00000000000000i,0.00000000000000 + 0.00000000000000i,0.00000000000000 + 0.00000000000000i,0.00000000000000 + 0.00000000000000i,0.00000000000000 + 0.00000000000000i,0.00000000000000 + 0.00000000000000i,0.00000000000000 + 0.00000000000000i,0.00000000000000 + 0.00000000000000i,0.00000000000000 + 0.00000000000000i,0.00000000000000 + 0.00000000000000i,0.00000000000000 + 0.00000000000000i,0.00000000000000 + 0.00000000000000i,0.00000000000000 + 0.00000000000000i,0.00000000000000 + 0.00000000000000i,0.00000000000000 + 0.00000000000000i,0.00000000000000 + 0.00000000000000i,0.00000000000000 + 0.00000000000000i,0.00000000000000 + 0.00000000000000i,0.00000000000000 + 0.00000000000000i,-10.4124826842530 + 7.83635359231368i,2.42853527713706 - 3.07931109783240i,1.08092178118049 - 2.49252596573072i,10.4124826842530 - 7.83634673867052i,-2.42853527713706 + 3.07931109783240i,-1.08092178118049 + 2.49252596573072i,0.00000000000000 + 0.00000000000000i,0.00000000000000 + 0.00000000000000i,0.00000000000000 + 0.00000000000000i,0.00000000000000 + 0.00000000000000i,0.00000000000000 + 0.00000000000000i,0.00000000000000 + 0.00000000000000i,0.00000000000000 + 0.00000000000000i0.00000000000000 + 0.00000000000000i,0.00000000000000 + 0.00000000000000i,0.00000000000000 + 0.00000000000000i,0.00000000000000 + 0.00000000000000i,0.00000000000000 + 0.00000000000000i,0.00000000000000 + 0.00000000000000i,0.00000000000000 + 0.00000000000000i,0.00000000000000 + 0.00000000000000i,0.00000000000000 + 0.00000000000000i,0.00000000000000 + 0.00000000000000i,0.00000000000000 + 0.00000000000000i,0.00000000000000 + 0.00000000000000i,0.00000000000000 + 0.00000000000000i,0.00000000000000 + 0.00000000000000i,0.00000000000000 + 0.00000000000000i,0.00000000000000 + 0.00000000000000i,0.00000000000000 + 0.00000000000000i,0.00000000000000 + 0.00000000000000i,0.00000000000000 + 0.00000000000000i,0.00000000000000 + 0.00000000000000i,0.00000000000000 + 0.00000000000000i,0.00000000000000 + 0.00000000000000i,2.42853527713706 - 3.07931109783240i,-11.5464294654670 + 8.19721527468017i,2.42853527713706 - 3.07931109783240i,-2.42853527713706 + 3.07931109783240i,11.5464294654670 - 8.19720842103701i,-2.42853527713706 + 3.07931109783240i,0.00000000000000 + 0.00000000000000i,0.00000000000000 + 0.00000000000000i,0.00000000000000 + 0.00000000000000i,0.00000000000000 + 0.00000000000000i,0.00000000000000 + 0.00000000000000i,0.00000000000000 + 0.00000000000000i,0.00000000000000 + 0.00000000000000i0.00000000000000 + 0.00000000000000i,0.00000000000000 + 0.00000000000000i,0.00000000000000 + 0.00000000000000i,0.00000000000000 + 0.00000000000000i,0.00000000000000 + 0.00000000000000i,0.00000000000000 + 0.00000000000000i,0.00000000000000 + 0.00000000000000i,0.00000000000000 + 0.00000000000000i,0.00000000000000 + 0.00000000000000i,0.00000000000000 + 0.00000000000000i,0.00000000000000 + 0.00000000000000i,0.00000000000000 + 0.00000000000000i,0.00000000000000 + 0.00000000000000i,0.00000000000000 + 0.00000000000000i,0.00000000000000 + 0.00000000000000i,0.00000000000000 + 0.00000000000000i,0.00000000000000 + 0.00000000000000i,0.00000000000000 + 0.00000000000000i,0.00000000000000 + 0.00000000000000i,0.00000000000000 + 0.00000000000000i,0.00000000000000 + 0.00000000000000i,0.00000000000000 + 0.00000000000000i,1.08092178118049 - 2.49252596573072i,2.42853527713706 - 3.07931109783240i,-10.4124826842530 + 7.83635359231367i,-1.08092178118049 + 2.49252596573072i,-2.42853527713706 + 3.07931109783240i,10.4124826842530 - 7.83634673867052i,0.00000000000000 + 0.00000000000000i,0.00000000000000 + 0.00000000000000i,0.00000000000000 + 0.00000000000000i,0.00000000000000 + 0.00000000000000i,0.00000000000000 + 0.00000000000000i,0.00000000000000 + 0.00000000000000i,0.00000000000000 + 0.00000000000000i0.00000000000000 + 0.00000000000000i,0.00000000000000 + 0.00000000000000i,0.00000000000000 + 0.00000000000000i,0.00000000000000 + 0.00000000000000i,0.00000000000000 + 0.00000000000000i,0.00000000000000 + 0.00000000000000i,0.00000000000000 + 0.00000000000000i,0.00000000000000 + 0.00000000000000i,0.00000000000000 + 0.00000000000000i,-7.17487219324821 + 6.67523976285482i,0.00000000000000 + 0.00000000000000i,2.40766769177656 - 0.999315374362684i,0.00000000000000 + 0.00000000000000i,0.00000000000000 + 0.00000000000000i,0.00000000000000 + 0.00000000000000i,0.00000000000000 + 0.00000000000000i,0.00000000000000 + 0.00000000000000i,0.00000000000000 + 0.00000000000000i,0.00000000000000 + 0.00000000000000i,0.00000000000000 + 0.00000000000000i,0.00000000000000 + 0.00000000000000i,0.00000000000000 + 0.00000000000000i,0.00000000000000 + 0.00000000000000i,0.00000000000000 + 0.00000000000000i,0.00000000000000 + 0.00000000000000i,0.00000000000000 + 0.00000000000000i,0.00000000000000 + 0.00000000000000i,0.00000000000000 + 0.00000000000000i,11.4658448054711 - 8.31299415939267i,-2.40766769177656 + 0.999315367936524i,0.00000000000000 + 0.00000000000000i,-4.29097261222288 + 1.63776116685512i,0.00000000000000 + 0.00000000000000i,0.00000000000000 + 0.00000000000000i,0.00000000000000 + 0.00000000000000i0.00000000000000 + 0.00000000000000i,0.00000000000000 + 0.00000000000000i,0.00000000000000 + 0.00000000000000i,0.00000000000000 + 0.00000000000000i,0.00000000000000 + 0.00000000000000i,0.00000000000000 + 0.00000000000000i,0.00000000000000 + 0.00000000000000i,0.00000000000000 + 0.00000000000000i,0.00000000000000 + 0.00000000000000i,2.40766769177656 - 0.999315374362684i,0.00000000000000 + 0.00000000000000i,-7.22474053476926 + 6.64476176729079i,0.00000000000000 + 0.00000000000000i,0.00000000000000 + 0.00000000000000i,0.00000000000000 + 0.00000000000000i,0.00000000000000 + 0.00000000000000i,0.00000000000000 + 0.00000000000000i,0.00000000000000 + 0.00000000000000i,0.00000000000000 + 0.00000000000000i,0.00000000000000 + 0.00000000000000i,0.00000000000000 + 0.00000000000000i,0.00000000000000 + 0.00000000000000i,0.00000000000000 + 0.00000000000000i,0.00000000000000 + 0.00000000000000i,0.00000000000000 + 0.00000000000000i,0.00000000000000 + 0.00000000000000i,0.00000000000000 + 0.00000000000000i,0.00000000000000 + 0.00000000000000i,-2.40766769177656 + 0.999315367936524i,13.7545637743663 - 13.2644854624720i,-6.52982323959701 + 6.61972375515872i,0.00000000000000 + 0.00000000000000i,0.00000000000000 + 0.00000000000000i,0.00000000000000 + 0.00000000000000i,0.00000000000000 + 0.00000000000000i0.00000000000000 + 0.00000000000000i,0.00000000000000 + 0.00000000000000i,0.00000000000000 + 0.00000000000000i,0.00000000000000 + 0.00000000000000i,0.00000000000000 + 0.00000000000000i,0.00000000000000 + 0.00000000000000i,0.00000000000000 + 0.00000000000000i,0.00000000000000 + 0.00000000000000i,0.00000000000000 + 0.00000000000000i,0.00000000000000 + 0.00000000000000i,0.00000000000000 + 0.00000000000000i,0.00000000000000 + 0.00000000000000i,0.00000000000000 + 0.00000000000000i,0.00000000000000 + 0.00000000000000i,0.00000000000000 + 0.00000000000000i,0.00000000000000 + 0.00000000000000i,0.00000000000000 + 0.00000000000000i,0.00000000000000 + 0.00000000000000i,0.00000000000000 + 0.00000000000000i,0.00000000000000 + 0.00000000000000i,0.00000000000000 + 0.00000000000000i,0.00000000000000 + 0.00000000000000i,0.00000000000000 + 0.00000000000000i,0.00000000000000 + 0.00000000000000i,0.00000000000000 + 0.00000000000000i,0.00000000000000 + 0.